== S concurrency (K13, ub2048, --no-mmap, ctx98304 split across N slots) ==
N=1: AGGREGATE=11.60 tok/s  wall=8621ms  per-stream=[13.649605615120159]
N=2: AGGREGATE=14.43 tok/s  wall=13863ms  per-stream=[9.06745323801022,9.06715314965699]
N=4: AGGREGATE=14.00 tok/s  wall=28578ms  per-stream=[4.543703773777713,4.464084033346351,4.543722767481576,4.464011695710643]
N=8: AGGREGATE=16.69 tok/s  wall=47945ms  per-stream=[2.4309534469254674,2.383888252854259,2.4309415688188376,2.383905131255671,2.383955029072332,2.430924667832376,2.430968516332267,2.3839322963227843]
CONC DONE 13:04:50
