baseline-q8kv: 37.176748174621665 t/s
mtp2-q8kv: 61.64773293544516 t/s
mtp3-q8kv: 65.95171345299539 t/s
mtp2-f16kv: 65.97577567444561 t/s
MTP BENCH DONE
mtp3-f16kv: 70.18042920479024 t/s
mtp4-q8kv: 70.58093639493045 t/s
mtp5-q8kv: 68.25061945968487 t/s
mtp6-q8kv: 61.52738029950709 t/s
